0700005507
0500005507
0600005507
0790138629
0590138629
0690138629
0775314474
0575314474
0675314474
0760783208
0560783208
0660783208
0785974903
0585974903
0685974903
0730514016
0530514016
0630514016
0791964322
0591964322
0691964322
0787358038
0587358038
0687358038
0732667719
0532667719
0632667719
0731868331
0531868331
0631868331
0735706726
0535706726
0635706726
0792475889
0592475889
0692475889
0772346900
0572346900
0672346900
0767123540
0567123540
0667123540
0743502508
0543502508
0643502508
0739486644
0539486644
0639486644
0767985095
0567985095
0667985095
0740696397
0540696397
0640696397
0700097484
0500097484
0600097484
0764004267
0564004267
0664004267
0789126107
0589126107
0689126107
0796780630
0596780630
0696780630
0755186465
0555186465
0655186465
0789767677
0589767677
0689767677
0747996548
0547996548
0647996548
0733536349
0533536349
0633536349
0709611289
0509611289
0609611289
0753620866
0553620866
0653620866
0705635909
0505635909
0605635909
0778868793
0578868793
0678868793
0743238940
0543238940
0643238940
0787236678
0587236678
0687236678
0793692204
0593692204
0693692204
0755789638
0555789638
0655789638
0741194594
0541194594
0641194594
0721129551
0521129551
0621129551
0704781981
0504781981
0604781981
0788806997
0588806997
0688806997
0751798108
0551798108
0651798108
0747825146
0547825146
0647825146
0776681166
0576681166
0676681166
0769929851
0569929851
0669929851
0799684496
0599684496
0699684496
0743044288
0543044288
0643044288
0737922132
0537922132
0637922132
0747764845
0547764845
0647764845
0798807352
0598807352
0698807352
0735377597
0535377597
0635377597
0710910442
0510910442
0610910442
0790612309
0590612309
0690612309
0793568749
0593568749
0693568749
0755626425
0555626425
0655626425
0769619719
0569619719
0669619719
0755687243
0555687243
0655687243
0749273445
0549273445
0649273445
0777253176
0577253176
0677253176
0768286566
0568286566
0668286566
0762421230
0562421230
0662421230
0736072139
0536072139
0636072139
0743828415
0543828415
0643828415
0774337878
0574337878
0674337878
0736631860
0536631860
0636631860
0753043631
0553043631
0653043631
0701611832
0501611832
0601611832
0793224967
0593224967
0693224967
0751353458
0551353458
0651353458
0759099947
0559099947
0659099947
0741534139
0541534139
0641534139
0799106317
0599106317
0699106317
0719832001
0519832001
0619832001
0782666634
0582666634
0682666634
0721494224
0521494224
0621494224
0703491412
0503491412
0603491412
0782168785
0582168785
0682168785
0709838770
0509838770
0609838770
0780424421
0580424421
0680424421
0714857753
0514857753
0614857753
0737539904
0537539904
0637539904
0732426380
0532426380
0632426380
0782730135
0582730135
0682730135
0767235535
0567235535
0667235535
0786635242
0586635242
0686635242
0767627747
0567627747
0667627747
0765234128
0565234128
0665234128
0712972309
0512972309
0612972309
0741785685
0541785685
0641785685
0718113645
0518113645
0618113645
0737306568
0537306568
0637306568
0739918514
0539918514
0639918514
0726007259
0526007259
0626007259
0705315475
0505315475
0605315475
0751950985
0551950985
0651950985
0788285782
0588285782
0688285782
0767347426
0567347426
0667347426
0732143170
0532143170
0632143170
0738849228
0538849228
0638849228
0709638092
0509638092
0609638092
0755402147
0555402147
0655402147
0783581525
0583581525
0683581525
0720171022
0520171022
0620171022
0786638447
0586638447
0686638447
0780670085
0580670085
0680670085
0708931677
0508931677
0608931677
0731444853
0531444853
0631444853
0713324892
0513324892
0613324892
0758341123
0558341123
0658341123
0747072256
0547072256
0647072256
0710910986
0510910986
0610910986
0799288950
0599288950
0699288950
0782999282
0582999282
0682999282
0758547918
0558547918
0658547918
0738594841
0538594841
0638594841
0787335814
0587335814
0687335814
0798157196
0598157196
0698157196
0712464270
0512464270
0612464270
0773228069
0573228069
0673228069
0773808035
0573808035
0673808035
0722780282
0522780282
0622780282
0766586208
0566586208
0666586208
0778954612
0578954612
0678954612
0734978350
0534978350
0634978350
0711441342
0511441342
0611441342
0755829021
0555829021
0655829021
0700354937
0500354937
0600354937
0701032424
0501032424
0601032424
0717533748
0517533748
0617533748
0723067153
0523067153
0623067153
0791231886
0591231886
0691231886
0774252218
0574252218
0674252218
0723257266
0523257266
0623257266
0752419343
0552419343
0652419343
0718683851
0518683851
0618683851
0797565752
0597565752
0697565752
0764762998
0564762998
0664762998
0770953266
0570953266
0670953266
0767600166
0567600166
0667600166
0783926099
0583926099
0683926099
0766294725
0566294725
0666294725
0779862152
0579862152
0679862152
0738305760
0538305760
0638305760
0762721376
0562721376
0662721376
0792745493
0592745493
0692745493
0770514318
0570514318
0670514318
0742569029
0542569029
0642569029
0794213124
0594213124
0694213124
0748787472
0548787472
0648787472
0733672368
0533672368
0633672368
0737375174
0537375174
0637375174
0751967464
0551967464
0651967464
0717354911
0517354911
0617354911
0792310609
0592310609
0692310609
0799647584
0599647584
0699647584
0704857524
0504857524
0604857524
0775191148
0575191148
0675191148
0732338147
0532338147
0632338147
0717560529
0517560529
0617560529
0754517165
0554517165
0654517165
0777013653
0577013653
0677013653
0787722331
0587722331
0687722331
0753937095
0553937095
0653937095
0755885655
0555885655
0655885655
0706958250
0506958250
0606958250
0725913175
0525913175
0625913175
0760383346
0560383346
0660383346
0754618405
0554618405
0654618405
0722513493
0522513493
0622513493
0735347331
0535347331
0635347331
0770892025
0570892025
0670892025
0799022520
0599022520
0699022520
0728983083
0528983083
0628983083
0714356902
0514356902
0614356902
0708961341
0508961341
0608961341
0715179676
0515179676
0615179676
0714433594
0514433594
0614433594
0718120459
0518120459
0618120459
0714583803
0514583803
0614583803
0716168891
0516168891
0616168891
0726617947
0526617947
0626617947
0754130607
0554130607
0654130607
0736246606
0536246606
0636246606
0795704880
0595704880
0695704880
0769946948
0569946948
0669946948
0755669133
0555669133
0655669133
0709555163
0509555163
0609555163
0745409382
0545409382
0645409382
0731406573
0531406573
0631406573
0794943964
0594943964
0694943964
0794409760
0594409760
0694409760
0731239294
0531239294
0631239294
0770410342
0570410342
0670410342
0761487900
0561487900
0661487900
0793943974
0593943974
0693943974
0725913086
0525913086
0625913086
0729790391
0529790391
0629790391
0700596190
0500596190
0600596190
0710434369
0510434369
0610434369
0708328148
0508328148
0608328148
0729811496
0529811496
0629811496
0706123165
0506123165
0606123165
0752274935
0552274935
0652274935
0745807169
0545807169
0645807169
0716271715
0516271715
0616271715
0734076784
0534076784
0634076784
0748439406
0548439406
0648439406
0725494218
0525494218
0625494218
0797023099
0597023099
0697023099
0780422506
0580422506
0680422506
0735748395
0535748395
0635748395
0710271799
0510271799
0610271799
0793883320
0593883320
0693883320
0790088109
0590088109
0690088109
0772803965
0572803965
0672803965
0773326018
0573326018
0673326018
0775507259
0575507259
0675507259
0750789725
0550789725
0650789725
0734848350
0534848350
0634848350
0779319164
0579319164
0679319164
0722082766
0522082766
0622082766
0799107846
0599107846
0699107846
0774474799
0574474799
0674474799
0798080644
0598080644
0698080644
0755182385
0555182385
0655182385
0794135636
0594135636
0694135636
0782994646
0582994646
0682994646
0787755851
0587755851
0687755851
0707552675
0507552675
0607552675
0734103393
0534103393
0634103393
0725317198
0525317198
0625317198
0731488813
0531488813
0631488813
0776610625
0576610625
0676610625
0754241433
0554241433
0654241433
0757224696
0557224696
0657224696
0705198796
0505198796
0605198796
0779477293
0579477293
0679477293
0761300406
0561300406
0661300406
0701743671
0501743671
0601743671
0751981843
0551981843
0651981843
0700828197
0500828197
0600828197
0753399642
0553399642
0653399642
0741179936
0541179936
0641179936
0705504708
0505504708
0605504708
0712392881
0512392881
0612392881
0736283799
0536283799
0636283799
0737804302
0537804302
0637804302
0739957583
0539957583
0639957583
0775960575
0575960575
0675960575
0752751386
0552751386
0652751386
0758833455
0558833455
0658833455
0722814636
0522814636
0622814636
0745537689
0545537689
0645537689
0730888677
0530888677
0630888677
0780245696
0580245696
0680245696
0715203611
0515203611
0615203611
0794107425
0594107425
0694107425
0723055657
0523055657
0623055657
0784558189
0584558189
0684558189
0715700616
0515700616
0615700616
0715446435
0515446435
0615446435
0759502164
0559502164
0659502164
0761947514
0561947514
0661947514
0716425196
0516425196
0616425196
0712342008
0512342008
0612342008
0727956381
0527956381
0627956381
0787759080
0587759080
0687759080
0733609587
0533609587
0633609587
0753098933
0553098933
0653098933
0789396385
0589396385
0689396385
0783663813
0583663813
0683663813
0703422753
0503422753
0603422753
0726636738
0526636738
0626636738
0782915081
0582915081
0682915081
0700414111
0500414111
0600414111
0703210866
0503210866
0603210866
0753418648
0553418648
0653418648
0757143650
0557143650
0657143650
0797469744
0597469744
0697469744
0775700988
0575700988
0675700988
0725837687
0525837687
0625837687
0709157226
0509157226
0609157226
0763178592
0563178592
0663178592
0753411839
0553411839
0653411839
0779870862
0579870862
0679870862
0735291718
0535291718
0635291718
0773039364
0573039364
0673039364
0796293771
0596293771
0696293771
0739826484
0539826484
0639826484
0754905037
0554905037
0654905037
0786312499
0586312499
0686312499
0731234797
0531234797
0631234797
0765561399
0565561399
0665561399
0726505600
0526505600
0626505600
0792312261
0592312261
0692312261
0766294210
0566294210
0666294210
0760091250
0560091250
0660091250
0702013427
0502013427
0602013427
0754010878
0554010878
0654010878
0762157423
0562157423
0662157423
0732712329
0532712329
0632712329
0700870326
0500870326
0600870326
0701239151
0501239151
0601239151
